0	78.3090379008746
1	74.0307280053919
2	71.8726186047761
3	70.7859604319136
4	70.2224458925353
4.99999999999998	69.9212803005471
5.99999999999996	69.7557765569925
6.99999999999994	69.6627647451363
7.99999999999992	69.6097661470831
8.9999999999999	69.5795003144475
9.99999999999988	69.1766506579867
10.9999999999999	64.5622545450751
11.9999999999998	58.397894420412
12.9999999999998	52.8720605929406
13.9999999999998	47.896700926973
14.9999999999998	43.6506740743888
15.9999999999997	39.9085697272774
16.9999999999997	36.4611637039582
17.9999999999997	33.5000105959431
18.9999999999997	30.7843853596879
19.9999999999997	28.3282022840641
20.9999999999996	26.1905642688668
21.9999999999996	24.1768588087644
22.9999999999996	22.3343882307495
23.9999999999996	20.6640860671916
24.9999999999996	19.1127822982367
25.9999999999995	17.6874337180898
26.9999999999995	16.8244537103675
27.9999999999995	16.3607855744541
